f = [0 14/22.05 14/22.05 1];
m = [1 1 0 0];
b1 = fir2(8,f,m);